0
0
0
0
0
0
0
0
0
0
0
0
0
0
0
0
0
0
0
0
0
0
0
0
0
0
0
0
0
0
0
0
0
0
0
0
0
0
0
0
0
0
0
0
0
0
0
0
0
0
0
0
0
0
0
0
0
0
0
0
0
0
0
0
0
0
0
0
0
0
0
0
0
0
0
0
0
0
0
0
0
0
0
0
0
0
0
0
0
0
0
0
0
0
0
0
0
0
0
0
0
0
0
0
0
0
0
0
0
0
0
0
0
0
0
0
0
0
0
0
0
0
0
0
0
0
0
0
0
0
0
0
0
0
0
0
0
0
0
0
0
0
0
0
0
0
0
0
0
0
0
0
0
0
0
0
0
0
0
0
0
0
0
0
0
0
0
0
0
0
0
0
0
0
0
0
0
0
0
0
0
0
0
0
0
0
0
0
0
0
0
0
0
0
0
0
0
0
0
0
0
0
0
0
0
0
0
0
0
0
0
0
0
0
0
0
0
0
0
0
0
0
0
0
0
0
0
0
0
0
0
0
0
0
0
0
0
0
0
0
0
0
0
0
0
0
0
0
0
0
0
0
0
0
0
0
0
0
0
0
0
0
0
0
0
0
0
0
0
0
0
0
0
0
0
0
0
0
0
0
0
0
0
0
0
0
0
0
0
0
0
0
0
0
0
0
0
0
0
0
0
0
0
0
0
0
0
0
0
0
0
0
0
0
0
0
0
0
0
0
0
0
0
0
0
0
0
0
0
0
0
0
0
0
0
0
0
0
0
0
0
0
0
0
0
0
0
0
0
0
0
0
0
0
0
0
0
0
0
0
0
0
0
0
0
0
0
0
0
0
0
0
0
0
0
0
0
0
0
0
0
0
0
0
0
0
0
0
0
0
0
0
0
0
0
0
0
0
0
0
0
0
0
0
0
0
0
0
0
0
0
0
0
0
0
0
0
0
0
0
0
0
0
0
0
0
0
0
0
0
0
0
0
0
0
0
0
0
0
0
0
0
0
0
0
0
0
0
0
0
0
0
0
0
0
0
0
0
0
0
0
0
0
0
0
0
0
0
0
0
0
0
0
0
0
0
0
0
0
0
0
0
0
0
0
0
0
0
0
0
0
0
0
0
0
0
0
0
0
-2.43588059693433E-05
-0.000130770260537821
-0.000380331235104399
-0.000830741837507608
-0.00153769291840039
-0.00255276030066204
-0.00392552969082489
-0.00570290114807015
-0.00792902626084405
-0.0106443373672077
-0.0138858189665682
-0.0176871990175637
-0.0220791610302194
-0.027089096589462
-0.0327409782305468
-0.0390553383594752
-0.0460493474798731
-0.0537367768483343
-0.0621279297204318
-0.0712296306423822
-0.081045324962783
-0.0915752035961155
-0.102816295000964
-0.114762523057843
-0.127404772471484
-0.140730974433953
-0.154726201234657
-0.169372758138509
-0.184650278021438
-0.200535826299552
-0.217004015841406
-0.234027127181956
-0.251575234226808
-0.269616338433394
-0.288116509805682
-0.307040026778873
-0.326349508199574
-0.346006038472968
-0.365969293626609
-0.3861976755332
-0.406648455351894
-0.42727792096301
-0.448041520902237
-0.468893999395131
-0.48978952149266
-0.510681791450034
-0.531524169478956
-0.552269791190411
-0.57287169127488
-0.593282929985168
-0.613456719268474
-0.633346545304489
-0.652906285197197
-0.67209031694977
-0.690853623232251
-0.7091518905524
-0.726941605813634
-0.744180151491068
-0.760825898934884
-0.776838297578726
-0.792177957335289
-0.806806722808412
-0.820687740500586
-0.833785522358392
-0.846066009262025
-0.85749663610795
-0.868046397079691
-0.872664625997165
-0.872664625997165
-0.872664625997165
-0.872664625997165
-0.872664625997165
-0.872664625997165
-0.872664625997165
-0.872664625997165
-0.872664625997165
-0.872664625997165
-0.872664625997165
-0.872664625997165
-0.872664625997165
-0.872664625997165
-0.872664625997165
-0.872664625997165
-0.872664625997165
-0.872664625997165
-0.872664625997165
-0.872664625997165
-0.870843366423764
-0.857327610647515
-0.842721139580611
-0.827038528153943
-0.810296138967678
-0.792512087548207
-0.773706205456068
-0.753900000454452
-0.733116614387733
-0.711380779810088
-0.688718776157914
-0.665158385448623
-0.640728846644298
-0.615460807422168
-0.589386272392272
-0.562538547624873
-0.534952182225819
-0.506662908165718
-0.477707579456985
-0.448124111250285
-0.417951418863314
-0.387229356447139
-0.355998655031678
-0.324300859894763
-0.292178267354689
-0.259673861054252
-0.226831247624427
-0.193694591438624
-0.160308548145347
-0.126718196832405
-0.0929689709533086
-0.0591065883959647
-0.0251769811919593
0.0087737746825296
0.0426995291082946
0.0765541270757946
0.11029147731046
0.143865620168303
0.177230794615734
0.210341504055629
0.243152580827623
0.275619249421174
0.307697188721532
0.339342593836051
0.370512238054939
0.401163535238872
0.431254602452609
0.460744322184712
0.489592403225602
0.517759439352423
0.545206965351134
0.571897510401155
0.597794649213008
0.622863051392657
0.647068529311391
0.670378084448166
0.692759951948518
0.714183643142786
0.734619985970431
0.754041163531064
0.772420751142768
0.789733752230823
0.805956633101312
0.821067356305333
0.83504541202696
0.847871846852455
0.859529289419659
0.870001972728619
0.872664625997165
0.872664625997165
0.872664625997165
0.872664625997165
0.872664625997165
0.872664625997165
0.872664625997165
0.872664625997165
0.872664625997165
0.872664625997165
0.872664625997165
0.872664625997165
0.872664625997165
0.872664625997165
0.872664625997165
0.872664625997165
0.872664625997165
0.861677503391277
0.849041431154956
0.835517640482276
0.821177175147358
0.806090060178522
0.790325496209701
0.773951006341487
0.757031976602725
0.739631696142749
0.72181169387337
0.703631731233883
0.685149574859661
0.666420803461695
0.647498797378618
0.62843473966833
0.609277528687749
0.59007365495695
0.570867164635071
0.551699716204415
0.532610654092745
0.513637041106576
0.494813664671836
0.476173052815865
0.457745509146647
0.439559151662225
0.421639947258411
0.404011748311174
0.386696338369973
0.369713485238238
0.353080997711115
0.336814787436095
0.320928939182712
0.305435787031589
0.290345988472349
0.275668590788459
0.261411092284921
0.247579506481714
0.234178435565041
0.221211152681985
0.208679686812049
0.196584902493954
0.18492656947399
0.173703422087124
0.162913212317261
0.152552762200068
0.142618020083832
0.133104122296604
0.124005458806618
0.115315739879358
0.107028060742802
0.0991349622576428
0.0916284868938515
0.0845002305851476
0.0777413919762012
0.0713428207485758
0.0652950657793503
0.0595884221559422
0.05421297458835
0.0491586347070407
0.0444151715058719
0.0399722369161827
0.0358193904969081
0.0319461271098061
0.0283419091272768
0.0249962015373173
0.0218985061861202
0.0190383915560799
0.0164055166510592
0.0139896502333864
0.0117806881227268
0.00976867075596331
0.00794380130142284
0.0062964627387407
0.00481723170909763
0.00349688791543533
0.002326419695304
0.00129702794274481
0.000400130967353295
-0.000372627959796284
-0.00102937015811367
-0.001577969409253
-0.00202604012049295
-0.00238092764219669
-0.00264970183876519
-0.00283915399952352
-0.00295579633554824
-0.00300586294286622
-0.00299531131394701
-0.00292982408725755
-0.00281481137288609
-0.00265541427854661
-0.0024565099735994
-0.00222271790645122
-0.00195840607321357
-0.00166769601523918
-0.00135446572740554
-0.00102235068390412
-0.000674744202972248
-0.000314798836219102
5.45698414181027E-05
0.000430676536867798
0.000811057078126485
0.00119345778307372
0.00157582435834605
0.00195629095302133
0.00233316957395611
0.0027049398731065
0.0030702393802397
0.00342785441498848
0.00377671196154097
0.00411587262588404
0.00444452448319012
0.00476197732756166
0.00506765670867306
0.00536109722969459
0.00564193482478229
0.00590989801310367
0.0061647983362546
0.00640652028620335
0.00663501104556631
0.00685027035047711
0.007052340801269
0.00724129900041963
0.00741724795037305
0.00758031111871728
0.00773062840389729
0.0078683539004645
0.00799365495168629
0.00810671164892398
0.00820771585664917
0.00829686908581896
0.00837437903442987
0.00844045516023448
0.00849530401231746
0.00853912508354319
0.00857210768200676
0.00859442893362445
0.0086062527400474
0.00860772946092987
0.00859899624439863
0.00858017813963153
0.00855139020831698
0.00851274071258003
0.00846433514466673
0.00840628053950298
0.00833868935274047
0.00826168228943188
0.00817538979837878
0.00807995236735207
0.00797552009943519
0.00786225220616123
0.00774031699700974
0.00760989273921629
0.00747116950661126
0.00732435191776694
0.00716966252301822
0.00700734553208093
0.00683767055106603
0.00666093599590511
0.00647747186506689
0.00628764160075061
0.00609184285716101
0.00589050712254435
0.00568409828249323
0.00547311032952466
0.00525806449136682
0.00503950606397113
0.00481800121218681
0.00459413396317162
0.00436850357223117
0.00414172237474534
0.00391441413061928
0.00368721271625764
0.00346076085567536
0.00323570846981525
0.00301271022467898
0.00279242200009549
0.00257549624692466
0.00236257646584079
0.00215429122936925
0.00195124822098578
0.00175402868518075
0.00156318253026433
0.00137922417876999
0.00120262916991186
0.00103383148715199
0.000873221574775852
0.000721144977453141
0.000577901470141184
0.000443744465622209
0.000318880440490135
0.000203468147204599
9.7617486121123E-05
1.38806488008834E-06
-8.52123799801649E-05
-0.000162229428979291
-0.000229762998607199
-0.000287967674064391
-0.00033705216575911
-0.000377277779515977
-0.000408955873564607
-0.000432444364963226
-0.000448143445746987
-0.000456490762689114
-0.000457956377538238
-0.00045303782782553
-0.000442255538056043
-0.000426148700869763
-0.000405271596653004
-0.000380190196543755
-0.000351478834021502
-0.000319716742839127
-0.000285484324072221
-0.000249359087646318
-0.000211911283529624
-0.00017369928292462
-0.000135264797850221
-9.71280544584455E-05
-5.97830704315478E-05
-2.36932233901647E-05
1.07126838895073E-05
4.30436740662165E-05
7.29490363816292E-05
0.000100119926577249
0.000124290193035781
0.00014523657565174
0.00016277846769208
0.000176777438208639
0.000187136690423216
0.000193800586458463
0.000196754302991232
0.000196023597611151
0.000191674571681335
0.00018381323462153
0.000172584636063531
0.00015817135795046
0.000140791247472113
0.00012069439572054
9.81594819802562E-05
7.34896711025384E-05
4.7008258241571E-05
1.90542186528576E-05
-1.00222249240089E-05
-3.98639295143723E-05
-7.01109654915495E-05
-0.000100404463297325
-0.000130390100640498
-0.00015972121849799
-0.000188061641175826
-0.00021508834962978
-0.000240494177237329
-0.00026399064612916
-0.000285310959175715
-0.000304213053775306
-0.000320482555674881
-0.000333935465846887
-0.000344420457040286
-0.000351820711348971
-0.00035605526051375
-0.000357079786570676
-0.00035488682258725
-0.000349505297532906
-0.000340999420555945
-0.000329466991671983
-0.000315037320232859
-0.000297868980558732
-0.000278147604467181
-0.000256083809350569
-0.000231911230374895
-0.000205884523054906
-0.000178277169199426
-0.000149378960415816
-0.000119493118571187
-8.89330951216724E-05
-5.80191348986465E-05
-2.7074687416219E-05
3.57727875052388E-06
3.36180227478899E-05
6.27367938375543E-05
9.06345273106503E-05
0.000117027353105913
0.000141649785025667
0.00016425748978167
0.000184629599969595
0.000202570605609717
0.000217911905255851
0.000230513105043345
0.000240263129180047
0.000247081169351234
0.000250917473294979
0.000251753960598186
0.000249604647430076
0.000244515847132332
0.000236566084832688
0.00022586563238343
0.000212555557097202
0.00019680620274844
0.000178815085197961
0.0001588042671851
0.000137017344992526
0.000113716207657688
8.91777115566666E-05
6.3690366208545E-05
3.75510782070953E-05
1.10619698135758E-05
-1.5472720252239E-05
-4.17496467445212E-05
-6.74692790795246E-05
-9.23387536646613E-05
-0.000116074697247504
-0.000138406063049259
-0.00015907699387981
-0.000177849676247474
-0.000194507099984652
-0.000208855614891116
-0.000220727190699786
-0.000229981328109286
-0.00023650660991709
-0.000240221897880139
-0.000241077167481466
-0.000239053947386368
-0.000234165322615968
-0.000226455490509994
-0.00021599892112547
-0.000202899238055334
-0.000187287962561086
-0.000169323229946268
-0.000149188500806154
-0.000127091189555826
-0.000103261066695359
-7.7948291391552E-05
-5.14209953419254E-05
-2.39624340382982E-05
4.13219818428778E-06
3.25591600792774E-05
6.100965085148E-05
8.91733250062216E-05
0.000116741801530715
0.000143412137571244
0.000168890211136148
0.000192893927143351
0.000215156155466321
0.00023542734275558
0.000253477801182851
0.000269099737369458
0.00028210911285266
0.000292347409817194
0.000299683323627869
0.000304014345465074
0.000305268162454255
0.000303403800800425
0.000298412459536743
0.000290318005773223
0.000279177108043708
0.00026507897107732
0.000248144619894763
0.000228525686614536
0.000206402692139087
0.000181982878272497
0.000155497707226166
0.000127200175579568
9.73620738975877E-05
6.62712698981414E-05
3.42290285122939E-05
1.54733449009624E-06
-3.145383320259E-05
-6.44493160113254E-05
-9.71117011311341E-05
-0.000129114366317617
-0.000160134649030398
-0.000189857139951768
-0.000217977082365353
-0.000244203823142671
-0.000268264219408232
-0.000289905877436142
-0.00030890010281029
-0.000325044473919558
-0.000338164998663425
-0.000348117854695947
-0.000354790732379034
-0.000358103799023416
-0.000358010298416433
-0.000354496807124661
-0.000347583192022129
-0.000337322338450887
-0.000323799723308258
-0.000307132877203439
-0.000287470719261252
-0.000264992681883803
-0.000239907502911449
-0.000212451570352875
-0.000182886757950736
-0.000151497763889698
-0.000118589027573846
-8.44813286972953E-05
-4.95081685581146E-05
-1.40120143842611E-05
2.16595234200906E-05
5.7157502506915E-05
9.21353500354346E-05
0.000126252348034344
0.000159176820591595
0.000190589000374112
0.000220183627211097
0.000247672388997274
0.000272786326380929
0.000295278280514898
0.000314925386849082
0.000331531542962663
0.000344929736894808
0.000354984125971394
0.000361591791095169
0.000364684129211226
0.000364227862313678
0.000360225629542411
0.000352716106541719
0.000341773590843366
0.000327507022904894
0.00031005847667675
0.000289601225834752
0.000266337538182934
0.000240496348281889
0.000212330908301669
0.000182116443674991
0.000150147776229329
0.000116736846356094
8.22100700730367E-05
4.69054911316963E-05
1.11697123471849E-05
-2.46453966855206E-05
-6.01862118216362E-05
-9.51010690867531E-05
-0.000129044133286941
-0.000161679327288887
-0.000192684188361073
-0.000221753502931954
-0.000248602592221909
-0.000272970171456151
-0.000294620763855232
-0.000313346695100636
-0.000328969713664451
-0.000341342282298034
-0.000350348580604419
-0.000355905259731313
-0.000357961997637765
-0.000356501905357616
-0.000351541817417878
-0.00034313245910795
-0.000331358431080001
-0.000316337909721217
-0.000298221949846529
-0.000277193300713469
-0.000253464696188787
-0.000227276634061945
-0.000198894699636809
-0.000168606509038592
-0.000136718355645405
-0.000103551651047805
-6.94392658699869E-05
-3.47218890317081E-05
2.55478855877819E-07
3.51468142578214E-05
6.96081182064413E-05
0.000103300269475324
0.000135891783032597
0.000167061585166221
0.000196501882444819
0.000223921137585945
0.00024904710031936
0.000271629801529193
0.000291444413854283
0.000308293900954421
0.000322011398708537
0.000332462276255467
0.000339545810634425
0.000343196391234305
0.000343384172388441
0.000340115129185077
0.000333430538153758
0.000323405976797882
0.000310149982880447
0.000293802515264049
0.000274533314471024
0.000252540195647971
0.000228047249886954
0.000201302903137348
0.000172577786517515
0.000142162391307463
0.000110364495454466
7.75063460165646E-05
4.3921571265492E-05
9.95179666250298E-06
-2.40570328652728E-05
-5.77585659842328E-05
-9.0810070941555E-05
-0.000122876409155918
-0.000153633791230386
-0.000182773194910321
-0.000210003393831274
-0.000235053610103443
-0.000257675840058464
-0.000277646906329677
-0.000294770273922606
-0.000308877652426973
-0.000319830402908975
-0.000327520773643384
-0.000331872990305953
-0.000332844210665792
-0.000330425319381945
-0.000324641497009118
-0.000315552467319616
-0.000303252322623697
-0.000287868849565269
-0.000269562317446484
-0.000248523732736332
-0.000224972597172562
-0.000199154232032607
-0.000171336752878582
-0.000141807800755307
-0.000110871153203801
-7.88433405289185E-05
-4.60503691691984E-05
-1.28246040988935E-05
2.04982009267746E-05
5.35817903335645E-05
8.6092299739608E-05
0.000117701229552606
0.000148088530398552
0.000176945780478825
0.00020397939729933
0.000228913812353262
0.000251494542312274
0.000271491099159099
0.000288699680691135
0.000302945569198181
0.000314085150490845
0.000322007465038572
0.000326635229890658
0.000327925322119544
0.000325868774564545
0.000320490379079019
0.000311848004216714
0.000300031712166885
0.000285162718594937
0.000267392200393758
0.000246899935566807
0.000223892757470689
0.000198602810470209
0.000171285591096589
0.000142217742811176
0.000111694553086848
8.00270978843188E-05
4.75390063481651E-05
1.45628773008514E-05
-1.85635507004262E-05
-5.15013221207117E-05
-8.39141164929832E-05
-0.000115471902071552
-0.000145854326506504
-0.000174753840129516
-0.000201878580050499
-0.000226955042366852
-0.000249730549402761
-0.000269975501933749
-0.000287485408835157
-0.000302082707343047
-0.000313618409355694
-0.000321973612533257
-0.000327060889493136
-0.00032882552186992
-0.000327246499406781
-0.000322337179373548
-0.000314145508747163
-0.000302753745006686
-0.000288277654772474
-0.00027086520688873
-0.00025069480110545
-0.000227973088825391
-0.000202932456152741
-0.000175828255132229
-0.000146935881564255
-0.000116547796722372
-8.49705680057357E-05
-5.25219622660754E-05
-1.95280784303474E-05
1.36795290078421E-05
4.67667940151243E-05
7.94001926157493E-05
0.000111249916018685
0.000141993140884184
0.00017131735313478
0.000198923673385905
0.000224530129766951
0.000247874818801432
0.000268718883728567
0.000286849227405991
0.000302080874408941
0.000314258912840333
0.000323259980687483
0.00032899330411437
0.00033140133044461
0.000330460014615998
0.000326178812394743
0.000318600415094762
0.000307800242180111
0.000293885699253993
0.000276995209175133
0.000257297024373238
0.000234987818628427
0.000210291034129324
0.000183454933987061
0.000154750298878863
0.000124467723874825
9.29145192656394E-05
6.04112820815758E-05
2.72882573878191E-05
-6.11837200936439E-06
-3.9470148750307E-05
-7.24298848174137E-05
-0.000104665062140722
-0.000135851093415134
-0.000165674446211276
-0.00019383561592134
-0.000220051918789647
-0.00024406008098691
-0.000265618623839423
-0.000284510073756437
-0.000300543037518269
-0.000313554167201339
-0.000323409998778423
-0.000330008603401196
-0.000333280962532648
-0.000333191979338137
-0.000329741064759143
-0.000322962271283803
-0.000312923973830534
-0.000299728108629307
-0.000283508983570024
-0.000264431679756168
-0.000242690082375614
-0.000218504606385575
-0.000192119705310164
-0.000163801254305461
-0.000133833874984405
-0.000102518226842354
-7.01682466825966E-05
-3.71082920590423E-05
-3.67014669058108E-06
2.98101295686336E-05
6.29954908816017E-05
9.55512949082597E-05
0.000127148740257517
0.000157468302063005
0.00018620312001787
0.00021306229167732
0.000237774015142104
0.000260088515498003
0.000279780687739481
0.000296652400971131
0.000310534432572283
0.000321288028308965
0.000328806105245985
0.00033301412324268
0.000333870649263176
0.000331367633022622
0.000325530408680843
0.000316417436607897
0.000304119797401166
0.00028876044138387
0.000270493178926664
0.00024950137592549
0.000225996306427217
0.00020021512191275
0.000172418427116072
0.000142887496652911
0.000111921207810886
7.98327857098825E-05
4.69464506573451E-05
1.35940308391186E-05
-1.98884267350004E-05
-5.31640314140429E-05
-8.58983927048288E-05
-0.000117762901345474
-0.000148437905895901
-0.000177615748748222
-0.000205003648045899
-0.000230326439314877
-0.000253329204986983
-0.000273779809975108
-0.000291471329785262
-0.000306224320254792
-0.000317888854403771
-0.000326346253236354
-0.000331510459910515
-0.000333329035075231
-0.000331783768847665
-0.000326890905268324
-0.000318700965393608
-0.000307298150976915
-0.000292799324357465
-0.000275352591632385
-0.000255135551800761
-0.000232353295253761
-0.000207236228237181
-0.000180037767946607
-0.000151031911768853
-0.000120510654415879
-8.87812216501629E-05
-5.61631081669694E-05
-2.29849368412522E-05
1.04188196355033E-05
4.37112058085627E-05
7.65561969189901E-05
0.000108622127423777
0.000139585107205178
0.000169132390448007
0.000196965647461195
0.000222804078181388
0.000246387306562979
0.000267478009286792
0.000285864254033713
0.000301361542054549
0.000313814559495053
0.0003230986411295
0.000329120944283072
0.000331821327054504
0.000331172927289807
0.000327182444863848
0.000319890133277583
0.000309369501797353
0.000295726716382499
0.000279099673289351
0.000259656713604806
0.000237594957218687
0.000213138260117384
0.000186534830198072
0.000158054561224535
0.000127986152752135
9.66340752969327E-05
0.0000643154229007
3.13566810474161E-05
-1.90956587576808E-06
-3.51479577021701E-05
-6.80236753347566E-05
-0.000100205715192732
-0.000131370096560896
-0.000161202993525221
-0.000189403793547081
-0.000215688080576467
-0.000239790522283474
-0.000261467618359104
-0.000280500253259603
-0.000296696000320963
-0.000309891142016011
-0.000319952391181774
-0.000326778307070403
-0.000330300392976806
-0.000330483846041468
-0.000327327919639498
-0.000320865867466127
-0.000311164467582489
-0.000298323162291559
-0.000282472876882632
-0.000263774582702425
-0.000242417646968925
-0.000218617976817364
-0.000192615938081397
-0.000164674024588472
-0.000135074272058513
-0.000104115439739559
-7.21100056541623E-05
-3.93810265828016E-05
-6.2589025708009E-06
2.69219310355808E-05
5.9826369846048E-05
9.21220448947342E-05
0.000123482728332311
0.000153591686643099
0.000182144922140879
0.000208854252855783
0.000233450199658841
0.000255684666820538
0.000275333409203685
0.0002921982743071
0.000306109196571519
0.000316925914235743
0.000324539382008918
0.000328872865107303
0.000329882714444081
0.000327558830004354
0.000321924815112584
0.000313037811440517
0.000300987992288055
0.000285897689575485
0.000267920142455799
0.000247237878676862
0.000224060763910514
0.00019862376894967
0.000171184505161878
0.000142020567969236
0.000111426714971813
7.97118980648661E-05
4.71961706254203E-05
1.42074979528189E-05
-1.89214954954235E-05
-5.18568101118201E-05
-8.42663622363719E-05
-0.00011582326603266
-0.00014620909061436
-0.000175117068099708
-0.000202255214426233
-0.000227349314798453
-0.000250145726822873
-0.000270413966854079
-0.000287949061179155
-0.000302573652800258
-0.00031413985054968
-0.000322530793171239
-0.00032766188782702
-0.000329481682195517
-0.000327972346604403
-0.000323149771090698
-0.000315063307789056
-0.000303795198447231
-0.000289459716347835
-0.000272202029585093
-0.000252196773529426
-0.000229646316918463
-0.000204778720655962
-0.000177845412177401
-0.000149118617197907
-0.000118888594945826
-8.74607129174715E-05
-5.51523824087307E-05
-2.22898685919742E-05
1.07950051568978E-05
4.37682233117343E-05
7.62969646754886E-05
0.000108052956204449
0.000138715752311111
0.000167975916683847
0.000195538098399608
0.000221123995325791
0.000244475184758131
0.000265355782307482
0.000283554877527275
0.000298888697238624
0.000311202464564277
0.000320371944286974
0.000326304681163782
0.000328940939342698
0.000328254338973531
0.000324252169566555
0.000316975350381932
0.000306498013652109
0.000292926705794123
0.000276399226300444
0.000257083142487522
0.000235174023342665
0.000210893427651563
0.000184486667584755
0.000156220358337262
0.00012637976311917
9.52659501431838E-05
6.31927883177858E-05
3.04838144159502E-05
-2.53099628088497E-06
-3.55185287310348E-05
-6.81458721612074E-05
-0.000100083681971884
-0.000131009523175831
-0.000160611150146868
-0.000188589675473599
-0.000214662588505142
-0.0002385665980347
-0.000260060285209525
-0.000278926554775453
-0.000294974863987578
-0.00030804319534867
-0.000317999731924999
-0.000324744199540663
-0.000328208857830982
-0.000328359143206779
-0.000325193980043466
-0.000318745775506474
-0.000309080101077696
-0.000296295050117014
-0.000280520256490412
-0.000261915568896346
-0.000240669394396384
-0.000216996742362373
-0.000191137007485206
-0.000163351525829601
-0.000133920927523848
-0.00010314230323944
-7.13262051978013E-05
-3.87935151106893E-05
-5.87222270341191E-06
2.71058397294895E-05
5.98082718165069E-05
9.19053708761924E-05
0.000123073383991749
0.000152997740820364
0.000181376246458398
0.000207922192075417
0.000232367325262358
0.000254464621321789
0.000273990811547938
0.000290748646518308
0.000304568889493506
0.000315312038774986
0.000322869768374296
0.000327166061800785
0.000328158005307929
0.000325836211887439
0.000320224865002286
0.000311381393480207
0.000299395805679215
0.000284389715160511
0.000266515082126241
0.000245952681827772
0.000222910302049415
0.000197620672285806
0.000170339136579749
0.000141341094042249
0.00011091923864412
7.93806294987145E-05
4.7043616953399E-05
1.42346448523497E-05
-1.87150487583417E-05
-5.14728003951485E-05
-8.37079145144119E-05
-0.00011509502889479
-0.000145317402401498
-0.000174070088615483
-0.000201062975040973
-0.000226023677747172
-0.000248700279822454
-0.000268863890708133
-0.000286310990433066
-0.00030086551722413
-0.000312380663311117
-0.000320740358753164
-0.000325860438173797
-0.000327689492224565
-0.000326209402068722
-0.000321435546095421
-0.000313416662062715
-0.000302234351289331
-0.000288002224217518
-0.000270864702332303
-0.000250995502160565
-0.00022859582896147
-0.000203892303315307
-0.000177134639899294
-0.000148593100010689
-0.000118555747969124
-8.73255506030984E-05
-5.52173610549917E-05
-2.25548196051063E-05
1.03328111228596E-05
4.31138721171679E-05
7.54575921647498E-05
0.000107037414843945
0.000137534332174377
0.000166640170795557
0.000194060770845673
0.000219519006635558
0.000242757615681607
0.000263541818191758
0.000281661714366613
0.000296934440713218
0.000309206055298367
0.000318353115021164
0.000324283912227036
0.000326939353092004
0.000326293479422586
0.00032235364987651
0.000315160400343143
0.000304786996966857
0.000291338685266584
0.000274951632697185
0.000255791564250665
0.000234052100031751
0.000209952814396755
0.000183737041951034
0.000155669453898663
0.000126033421815701
9.51281813749402E-05
6.32658116967841E-05
3.07680578715189E-05
-2.03696012631413E-06
-3.48180977173509E-05
-6.72445407081755E-05
-9.89891222705406E-05
-0.000129731576682548
-0.000159161718280738
-0.00018698253656224
-0.000212913188980487
-0.000236691858113049
-0.000258078429138624
-0.000276856943744453
-0.000292837797578816
-0.000305859663408967
-0.000315791132419054
-0.000322532066468759
-0.000326014646474418
-0.000326204093709323
-0.000323099039541078
-0.000316731527958527
-0.000307166650614972
-0.00029450182854272
-0.000278865762003087
-0.000260417069338461
-0.000239342631876788
-0.000215855661221538
-0.000190193510671646
-0.000162615261396837
-0.000133399119893684
-0.000102839660801899
-7.12449384246488E-05
-3.89334773797538E-05
-6.23114616330226E-06
2.6532077706269E-05
5.90254274693477E-05
9.09207111813013E-05
0.000121895668797554
0.000151637271640237
0.00017984492312116
0.000206233530748009
0.000230536424940574
0.000252508097528731
0.000271926725630972
0.000288596441947532
0.000302349315853235
0.000313047021345394
0.000320582182833718
0.000324879400934638
0.000325895963394803
0.000323622241856759
0.000318081768730442
0.000309330986146419
0.000297458663844071
0.000282584992847214
0.000264860371268976
0.00024446390215311
0.000221601619367845
0.000196504449816624
0.000169425915288442
0.000140639580787789
0.000110436269077035
7.91210786109623E-05
4.70102559081127E-05
1.44279767988236E-05
-1.82969176587162E-05
-5.08342006244377E-05
-8.28555385863876E-05
-0.000114037759513408
-0.000144066093107873
-0.00017263735294419
-0.000199463018386792
-0.000224272170803969
-0.000246814245377408
-0.000266861572100816
-0.00028421168960048
-0.000298689417439643
-0.000310148666594566
-0.000318473959472979
-0.000323581627654659
-0.000325420661704206
-0.000323973201123792
-0.000319254667228665
-0.000311313550656098
-0.000300230865942996
-0.000286119281554867
-0.000269121931533207
-0.000249410919410032
-0.000227185535613257
-0.000202670220364493
-0.000176112307932689
-0.000147779581816938
-0.000117957657313241
-8.69471960526434E-05
-5.50609542943327E-05
-2.26206755361884E-05
1.00461459466425E-05
4.26095890474262E-05
7.47406688182517E-05
0.000106114692929801
0.000136414574291867
0.000165334069404305
0.000192580912957068
0.00021787981477134
0.000240975280152789
0.000261634214432732
0.000279648278933192
0.000294835976210031
0.000307044451970473
0.000316151005349338
0.000322064297992845
0.000324725249277453
0.000324107604820252
0.000320218170766352
0.000313096715566278
0.00030281554937637
0.000289478794204981
0.000273221354213051
0.000254207588364927
0.000232629682864704
0.000208705723617282
0.000182677480358937
0.000154807930165486
0.000125378561837352
9.46865081037673E-05
6.30415478314775E-05
3.07630089510799E-05
-1.82340853261414E-06
-3.43888749066918E-05
-6.66047198886129E-05
-9.81457398331689E-05
-0.00012869348439414
-0.000157939480085946
-0.000185588352068681
-0.000211360814049677
-0.000234996503534641
-0.000256256640921616
-0.000274926485685059
-0.000290817555450485
-0.000303769570433869
-0.000313652090578202
-0.000320365824747251
-0.000323843604955023
-0.00032405102731278
-0.000320986762134711
-0.000314682531033846
-0.000305202745336255
-0.000292643803630118
-0.000277133057739237
-0.000258827470889328
-0.000237912001392011
-0.000214597744147446
-0.000189119851269581
-0.000161735238974936
-0.000132720079512427
-0.000102367079895788
-7.09825623532087E-05
-3.8883377755694E-05
-6.39369463558831E-06
2.61582916188238E-05
5.84436904771847E-05
9.013625727273E-05
0.000120915714924963
0.000150471024754792
0.000178503568655607
0.000204730201029226
0.000228886130928542
0.00025072760224009
0.000270034348387851
0.000286611803421012
0.000300293051752612
0.000310940496484227
0.000318447225571253
0.000322738059304076
0.000323770271339822
0.000321533984954589
0.000316052251509827
0.000307380816943465
0.000295607576162788
0.000280851709549546
0.000263262495624194
0.000243017801502286
0.000220322265938452
0.000195405203111665
0.00016851826331739
0.000139932886774017
0.000109937580439213
7.88350397998981E-05
4.69391331196862E-05
1.45717671771544E-05
-1.79403400472759E-05
-5.02689468816231E-05
-8.20875985586762E-05
-0.000113074924457019
-0.000142917889612847
-0.000171314971908039
-0.000197979236563095
-0.000222641275706701
-0.000245051975641998
-0.000264985072325453
-0.000282239459500342
-0.000296641223247627
-0.0003080453872902
-0.000316337360099149
-0.000321434075091329
-0.000323284810896261
-0.00032187167531206
-0.000317209739708269
-0.000309346821916954
-0.000298362931208201
-0.000284369401360223
-0.000267507740705015
-0.000247948220188499
-0.000225888207099989
-0.000201550241772504
-0.000175179854053562
-0.000147043126619684
-0.00011742402788478
-8.66215501944751E-05
-5.49466934258687E-05
-2.27193299928386E-05
9.73502019564197E-06
4.2088480473332E-05
7.40141469291188E-05
0.00010518942215053
0.00013529931132196
0.000164039636819776
0.000191120132093296
0.00021626738375241
0.000239227597280303
0.000259769163318912
0.000277684998755023
0.000292794633986836
0.000304946019192416
0.000314017029634009
0.000319916660401763
0.00032258590955038
0.000321998351327551
0.000318160397836228
0.000311111241661946
0.000300922469020824
0.000287697336467928
0.000271569713943834
0.000252702709097324
0.000231286997351681
0.0002075388857329
0.000181698136146775
0.000154025568739353
0.000124800462308439
9.43177691209188E-05
6.28851658088541E-05
3.08199678417664E-05
-1.55406059093896E-06
-3.39099682262007E-05
-6.59209180723906E-05
-9.72634980256235E-05
-0.000127621009662269
-0.000156686700854904
-0.000184166903750487
-0.000209784037662057
-0.00023327943880844
-0.000254415985403104
-0.000272980494544302
-0.000288785872859353
-0.000301673003553179
-0.000311512349336637
-0.000318205247641782
-0.00032168487623361
-0.00032191687600255
-0.000318899631238685
-0.000312664220425588
-0.00030327405666617
-0.000290824233848702
-0.00027544058539755
-0.000257278453501152
-0.000236521164456701
-0.000213378212484973
-0.000188083166847507
-0.00016089132880892
-0.000132077170310636
-0.000101931584024702
-7.07589685695379E-05
-3.88741690830343E-05
-6.59929601112026E-06
2.57395468752989E-05
5.78155853931005E-05
8.93047048676473E-05
0.000119888746046844
0.000149258733432784
0.000177118009077704
0.000203185246280317
0.000227197313400362
0.000248911952140411
0.000268110232645483
0.000284598752901122
0.000298211560847345
0.000308811789280587
0.000316293000430352
0.000320580236626013
0.000321630767874841
0.000319434521736069
0.00031401418061937
0.000305424938264245
0.00029375391823829
0.000279119267989739
0.000261668948097601
0.000241579236649464
0.000219052965243615
0.000194317499715378
0.000167622478360715
0.00013923732382211
0.00010944855022205
7.85568919685097E-05
4.68742831680892E-05
1.4720716894305E-05
-1.7578986668871E-05
-4.9698473072893E-05
-8.13131741546994E-05
-0.000112103618909355
-0.000141758694496461
-0.000169978817634025
-0.000196478980621279
-0.000220991642028571
-0.000243269436824001
-0.00026308768216316
-0.00028024665323651
-0.000294573600907327
-0.000305924482982863
-0.000314185386288141
-0.000319273626770868
-0.0003211385261291
-0.000319761871268174
-0.000315158064289873
-0.000307373966389488
-0.000296488433089662
-0.000282611535739045
-0.000265883467984665
-0.000246473144800215
-0.000224576511201234
-0.00020041458330413
-0.000174231244091856
-0.000146290812393443
-0.000116875400903671
-8.62820813979894E-05
-5.48198828182522E-05
-2.2806656920116E-05
9.43414835396113E-06
4.15767685286546E-05
7.32964219048032E-05
0.000104272601202421
0.000134192331585626
0.000162753364356682
0.00018966726779623
0.000214662371453562
0.000237486522122357
0.000257909618987734
0.000275725907716905
0.000290756022541639
0.000302848767695081
0.000311882625502178
0.000317766972538632
0.000320442983064791
0.000319884203330764
0.000316096790044296
0.000309119416881038
0.000299022859817929
0.000285909273363061
0.00026991116703613
0.000251190088467659
0.000229935019539976
0.00020636049598266
0.000180704467000137
0.000153225916919507
0.000124202273457995
9.39266271235143E-05
6.27047854617803E-05
3.08521867532171E-05
-1.30929851660168E-06
-3.34546444355172E-05
-6.52589855621312E-05
-9.64009306311225E-05
-0.000126565834574546
-0.000155448994086434
-0.000182758736992591
-0.000208219378431356
-0.000231574016289278
-0.00025258713566957
-0.000271046990228341
-0.00028676772974223
-0.000299591249240341
-0.000309388743878375
-0.000316061962162525
-0.000319544155036548
-0.000319800718721561
-0.000316829526766188
-0.000310660944903402
-0.000301357523849835
-0.000289013370549979
-0.000273753205323921
-0.000255731117611647
-0.000235129034495032
-0.000212154914711961
-0.00018704067955471
-0.000160039894069088
-0.000131425218214044
-0.000101485655791282
-7.0523634944909E-05
-3.88519548869649E-05
-6.79062958413055E-06
2.53363458579739E-05
5.72042818148369E-05
8.8491105012809E-05
0.00011888065633123
0.000148065930547041
0.000175752211259727
0.000201660060104151
0.000225528130093233
0.000247115783004549
0.000266205495363292
0.000282605035777323
0.000296149391352049
0.000306702417807618
0.000314158190377532
0.000318442040456729
0.000319511272691508
0.000317355564270636
0.000311997050169432
0.00030349009607246
0.000291920758192742
0.000277405929683055
0.000260092177888673
0.000240154283503506
0.000217793498484976
0.000193235541962611
0.000166728352433565
0.000138539612719925
0.000108954064567246
7.82706340718558E-05
4.67993964952971E-05
1.48584165800567E-05
-1.72294949659563E-05
-4.91400682544112E-05
-8.05508676947637E-05
-0.000111144560772021
-0.000140612134072302
-0.000168656028336253
-0.000194993161197442
-0.000219357802627323
-0.000241504266852015
-0.000261209387366332
-0.000278274748220049
-0.000292528652672298
-0.000303827816706804
-0.000312058777972938
-0.000317139010747487
-0.000319017736586931
-0.00031767642093967
-0.000313128949336215
-0.000305421482063882
-0.000294631991230863
-0.000280869486835612
-0.000264272938646032
-0.000245009900162327
-0.000223274842303826
-0.000199287209168779
-0.000173289215283799
-0.000145543410207699
-0.000116330039200441
-8.59442271190721E-05
-5.4693008993204E-05
-2.28922288183812E-05
9.13666897534717E-06
4.10699232921341E-05
7.25847744371649E-05
0.000103362770235508
0.000133093015196379
0.000161475324754538
0.000188223255433703
0.000213066987692925
0.000235756038910403
0.000256061780845771
0.000273779732963247
0.000288731603904938
0.000300767059079494
0.00030976520040378
0.000315635750829027
0.000318319938789123
0.000317791076534055
0.000314054824466612
0.000307149134451038
0.000297143869918141
0.000284140107786394
0.000268269133331128
0.00024969114140984
0.000228593655771694
0.000205189675210493
0.000179715554782294
0.000152428634554472
0.00012360463682769
9.3534862322222E-05
6.25232225755575E-05
3.08831474266175E-05
-1.06559661284964E-06
-3.30001462872325E-05
-6.45978124860555E-05
-9.55393545580116E-05
-0.000125512226849298
-0.000154213761382206
-0.000181354247430556
-0.000206659869338422
-0.00022987546836731
-0.000250767100931602
-0.000269124371791854
-0.000284762524748268
-0.000297524274789743
-0.000307281365765004
-0.0003139358383466
-0.000317420995634186
-0.000317702058015031
-0.000314776503403348
-0.000308674092037759
-0.000299456576020086
-0.000287217093751933
-0.000272079250432998
-0.000254195889443934
-0.000233747565609452
-0.000210940737939551
-0.000186005703703225
-0.000159194296051731
-0.000130777364856591
-0.000101042058091528
-7.02889223173107E-05
-3.88288469079626E-05
-6.97988571359997E-06
2.49360021592625E-05
5.65962476194417E-05
8.7680960871216E-05
0.000117876179148757
0.000146877043489711
0.000174390877699245
0.000200140141286772
0.000223865225366004
0.000245327059733595
0.000264309502492928
0.000280621489731334
0.000294098928947896
0.000304606323396189
0.000312038114708095
0.000316319730100398
0.000317408321142531
0.000315293185192457
0.000309995867254132
0.000301569946182855
0.000290100511940657
0.000275703339288059
0.000258523760075675
0.000238735234913337
0.000216537628312791
0.000192155199512775
0.000165834331290076
0.000137841027126552
0.000108458210323274
7.79828569849227E-05
4.67229908128841E-05
1.49945648282657E-05
-1.68817441403659E-05
-4.85837981515004E-05
-7.97912823825472E-05
-0.000110188971143009
-0.000139469935232686
-0.000167338653067824
-0.000193513992879755
-0.000217732038059313
-0.000239748730876284
-0.000259342311162191
-0.000276315527136607
-0.000290497596825397
-0.000301745901344271
-0.000309947395450266
-0.000315019724969227
-0.000316912043614209
-0.000315605522763308
-0.000311113547746355
-0.000303481594836328
-0.000292786786047074
-0.000279137124285498
-0.000262670417937606
-0.000243552909127591
-0.000221977621780263
-0.000198162444280294
-0.000172347959204379
-0.000144795032496347
-0.00011578217871068
-8.56027271180301E-05
-5.45618225858325E-05
-2.29733014202259E-05
8.8435165186649E-06
4.05670815681718E-05
7.18768810326948E-05
0.000102456689278835
0.000131997771153169
0.000160202006060997
0.000186784897920337
0.000211478437097017
0.000234033784683179
0.000254223755119797
0.000271845077454167
0.000286720416986256
0.000298700138573153
0.000307663792914975
0.000313521309908368
0.000316213888728
0.000315714580509266
0.00031202856341647
0.000305193109942255
0.000295277243617415
0.000282381080113583
0.000266634849226115
0.000248197600518719
0.000227255604688963
0.000204020471368488
0.00017872700895389
0.000151630852361333
0.000123005882179656
9.31414567671297E-05
6.23394798840414E-05
3.09113308192805E-05
-8.25310155340097E-07
-3.2549703440196E-05
-6.39413195759147E-05
-9.46830986129889E-05
-0.000124464664546474
-0.000152985462903458
-0.000179957791210921
-0.000205109692587701
-0.00022818768319604
-0.000248959285941719
-0.000267215346062637
-0.000282772108488615
-0.000295473040807358
-0.000305190388175146
-0.000311826447270892
-0.000315314546239901
-0.000315619718067061
-0.000312739057338823
-0.000306701755214546
-0.000297568813519985
-0.00028543244415686
-0.000270415162697405
-0.000252668584729117
-0.000232371931736097
-0.000209730252725255
-0.000184972370712788
-0.000158348570001497
-0.000130128048996181
-0.000100596170914139
-7.00515484824206E-05
-3.88029980927297E-05
-7.16639582982734E-06
2.45385346560215E-05
5.59914721663358E-05
8.68747526943069E-05
0.000116876592446965
0.000145694241720343
0.000173037034720052
0.000198629305355714
0.0002222131438245
0.000243550971260303
0.000262427909635744
0.000278653923308851
0.000292065709590014
0.000302528319673539
0.000309936497173129
0.000314215726668985
0.000315322986784203
0.00031324720109171
0.000308009377747283
0.00029966242831969
0.000288290659926472
0.000274008942059598
0.000256961557733147
0.000237320754663606
0.000215285014493241
0.00019107705744911
0.000164941598892616
0.000137142875472835
0.000107961962856481
7.76939129653194E-05
4.6644743914414E-05
1.5128318527762E-05
-1.65368528256616E-05
-4.80308509695849E-05
-7.90355954691455E-05
-0.000109238068256984
-0.000138333479682872
-0.00016602834280313
-0.000192043422898987
-0.000216116532423035
-0.000238005145971819
-0.000257488813940725
-0.000274371355984538
-0.000288482816021304
-0.000299681160150921
-0.000307853699015038
-0.00031291821806684
-0.000314823803274946
-0.00031355135509945
-0.00030911378853781
-0.000301555920138285
-0.000290954043610437
-0.000277415194912123
-0.00026107610737529
-0.000242101859464112
-0.000220684222899224
-0.000197039726190034
-0.000171407455862408
-0.000144046622610905
-0.000115233921322924
-8.52607133672074E-05
-5.44300588978297E-05
-2.30536281028992E-05
8.55147634900998E-06
4.00659494894359E-05
7.11715285134693E-05
0.000101554214267027
0.000130907436378142
0.00015893513313599
0.000185354719896247
0.000209899919713051
0.00023232342827232
0.00025239938455296
0.000269925620973144
0.000284725672069646
0.000296650526878533
0.000305580114309675
0.000311424511408445
0.000314124862334161
0.000313653993904564
0.000310016714436543
0.000303249787333056
0.000293421577982614
0.00028063137923714
0.000265008424746781
0.000246710600497442
0.000225922864783737
0.00020285538798512
0.000177741427261085
0.000150834957055349
0.000122408082065142
9.27482631029763E-05
6.21553874127732E-05
3.09387145431805E-05
-5.86271378155608E-07
-3.21010709561692E-05
-6.32874060529913E-05
-9.3830447054009E-05
-0.000123421994207921
-0.000151763578730237
-0.000178569453501717
-0.000203569447426001
-0.000226511660256538
-0.000247164975437803
-0.000265321367960804
-0.000280797983888759
-0.000293438969371282
-0.000303117030076534
-0.000309734706386777
-0.000313225354142129
-0.00031355382394535
-0.000310716833552234
-0.000304743028145944
-0.000295692723565896
-0.000283657329175299
-0.000268758450732283
-0.000251146679049025
-0.000231000076138074
-0.000208522375488757
-0.000183940916255824
-0.000157504332799696
-0.000129480022439612
-0.00010015141675648
-6.9815085666956E-05
-3.87777077899839E-05
-7.3529435642157E-06
2.41417522282209E-05
5.53883443325015E-05
8.60714265498774E-05
0.000115881398423184
0.000144517580307864
0.000171691235881595
0.000197128469265016
0.000220572964661576
0.000241788540580997
0.000260561496891855
0.000276702738390114
0.0002900496609262
0.000300467785078648
0.00030785211980674
0.000312128237364363
0.000313253042974996
0.000311215228144733
0.000306035402897416
0.000297765907153642
0.000286490303785191
0.000272322556437394
0.000255405896155817
0.000235911383960798
0.000214036181902518
0.00019000155124165
0.000164050601137898
0.000136445813491604
0.000107466369966145
7.74053075193676E-05
4.65665305966446E-05
1.52617117060074E-05
-1.61928839597749E-05
-4.74796118868786E-05
-7.82826622711233E-05
-0.000108291240710894
-0.000137202685872188
-0.000164725497747523
-0.00019058225131481
-0.000214512369766602
-0.000236274730413758
-0.000255650076407351
-0.000272443209342396
-0.000286484941295912
-0.000297633788835875
-0.00030577739487722
-0.000310833666367215
-0.000312751616839005
-0.000311511903638849
-0.000307127050993407
-0.000299641352593181
-0.000289130451018733
-0.000275700595617059
-0.000259487584640767
-0.000240655401127364
-0.000219394555158192
-0.000195920148302316
-0.000170469679796828
-0.000143300618445545
-0.000114687768699409
-8.49204627462165E-05
-5.42996117082302E-05
-2.31346481722848E-05
8.25960961919077E-06
3.95661427815096E-05
0.0000704689361067999
0.000100656169252033
0.000129823359696678
0.000157676421763128
0.000183934608691949
0.00020833331013383
0.000230626683179395
0.000250590098639929
0.000268022384499716
0.000282747846226863
0.000294618041421457
0.000303513286502044
0.000309343876566497
0.000312051004977116
0.000311607374320538
0.00030801749348282
0.000301317656685174
0.000291575601070209
0.00027888984173044
0.000263388687695688
0.000245228948386526
0.000224594345423536
0.000201693647947292
0.000176758550793463
0.000150041315541238
0.000121812196509387
9.23566780058535E-05
6.19725545584003E-05
3.09668902966399E-05
-3.47104834779341E-07
-3.16532462031326E-05
-6.26355609968069E-05
-9.29814617807841E-05
-0.000122384880370031
-0.000150549334591124
-0.000177190898681949
-0.000202041046918707
-0.000224849340791773
-0.000245385932740462
-0.000263443863138872
-0.000278841130648101
-0.000291422518412966
-0.000301061159871384
-0.000307659828754155
-0.000311151938907435
-0.000311502241330925
-0.000308707208342476
-0.000302795097818758
-0.00029382569374781
-0.000281889722725097
-0.000267107949612568
-0.000249629959549365
-0.00022963263797707
-0.000207318365171741
-0.000182912946447582
-0.000156663302970804
-0.000128834950385634
-9.97092931416129E-05
-6.95807622148369E-05
-3.87538240033456E-05
-7.53988955074225E-06
2.3745843989196E-05
5.47875846493247E-05
8.52721330088703E-05
0.000114892029952792
0.000143348632943811
0.000170355093934119
0.000195639216042816
0.000218946167485817
0.000240041029975006
0.000258711156567036
0.000274768312970243
0.000288050577976268
0.000298423982631372
0.000305783872296255
0.000310055979062847
0.000311197193493544
0.000309196025281399
0.000304072743948428
0.000295879194285074
0.000284698286581798
0.000270643167217889
0.000253856079166035
0.000234506923928522
0.000212791537441127
0.000188929694482948
0.000163162860414407
0.000135751715247151
0.00010697348116272
7.71190883075649E-05
4.64902138197205E-05
1.53962263348642E-05
-1.58489351521624E-05
-4.69299209861215E-05
-7.75331413113587E-05
-0.000107349917065491
-0.000136079579014493
-0.000163432481902654
-0.000189132902678129
-0.000212921795144796
-0.0002345593768395
-0.000253827526325328
-0.000270531970209979
-0.000284504239634594
-0.000295603376568807
-0.000303717371527251
-0.000308764316300535
-0.000310693257668826
-0.000309484740575818
-0.000305151031903548
-0.000297736019064718
-0.0002873147813908
-0.000273992836795949
-0.000257905071149945
-0.000239214362657478
-0.000218109917714527
-0.000194805337778909
-0.000169536438740429
-0.00014255884554393
-0.000114145386169048
-8.45833111874161E-05
-5.4171368174719E-05
-2.32167636503964E-05
7.96795224091759E-06
3.90680425719093E-05
6.97697481598399E-05
9.97634294743094E-05
0.00012874665915698
0.000156427240313697
0.000182526125459355
0.000206780209301107
0.000228944967126612
0.000248796910927446
0.000266135837865841
0.000280786849295666
0.000292602121702645
0.000301462412638909
0.000307278285287864
0.000309991036052667
0.000309573311873713
0.000306029408176981
0.00029939524343913
0.000289738010752713
0.000277155509514421
0.00026177516188265
0.000243752720529669
0.000223270678003759
0.000200536394009087
0.000175779963736453
0.000149251855784348
0.000121220350495393
9.19688086904927E-05
6.17927984915676E-05
3.09971064707212E-05
-1.07339830901542E-07
-3.12066081986398E-05
-6.19869239833585E-05
-9.21378239802504E-05
-0.000121355268700766
-0.000149344682746661
-0.000175823896281467
-0.000200525962799632
-0.000223201829056127
-0.000243622832774755
-0.000261583003692933
-0.000276901144398491
-0.00028942266928787
-0.000299021182267928
-0.000305599775957582
-0.000309092036990106
-0.000309462743972611
-0.000306708247322481
-0.000300856523920862
-0.000291966904142019
-0.000280129473755357
-0.000265464157761253
-0.000248119496951682
-0.000228271130838093
-0.000206120002906214
-0.000181890306483737
-0.000155827192312845
-0.000128194262338588
-9.92708779033688E-05
-6.93493137156697E-05
-3.87317907680759E-05
-7.72742132903865E-06
2.33509025271363E-05
5.41896476862755E-05
8.44777785803981E-05
0.000113909868399569
0.000142189154736619
0.00016903051021065
0.000194163298325889
0.000217334086153534
0.000238309187976886
0.00025687701666246
0.000272850221143561
0.000286067588832069
0.000296395691878926
0.000303730257286212
0.000307997243716094
0.000309153612092762
0.000307187781499698
0.000302119765216051
0.000294000983771334
0.000282913753619411
0.000268970452949969
0.000252312371159016
0.00023310825504514
0.000211552571136411
0.000187863507808159
0.000162280742273753
0.000135062996990214
0.000106485409419354
7.68367400628933E-05
4.64164465203171E-05
1.55316547936494E-05
-1.55059386466462E-05
-4.63832005753862E-05
-7.67886991998446E-05
-0.000106415818325231
-0.000134965820871721
-0.000162150835323518
-0.000187696737768499
-0.000211345901416418
-0.000232859785930495
-0.000252021340732675
-0.000268637198899886
-0.000282539640364653
-0.000293588304371801
-0.000301671631874111
-0.000306708019687082
-0.000308646670582837
-0.000307468127295
-0.000303184483117038
-0.000295839266554624
-0.000285507001649238
-0.000272292448943707
-0.000256329534915166
-0.000237779980583994
-0.000216831643323549
-0.00019369658971128
-0.000168608921286847
-0.00014182237875896
-0.000113607752954726
-8.42501322480367E-05
-5.40460163674972E-05
-2.33003258468393E-05
7.67666431286385E-06
3.85724383182549E-05
6.90753715290519E-05
9.88778507097121E-05
0.000127679352216525
0.000155189448410506
0.000181130714233109
0.000205241507785581
0.000227278599996131
0.000247019628634572
0.000264265351500432
0.000278841673666769
0.000290601425198825
0.000299425868954323
0.000305225922091314
0.000307943078512637
0.000307550021904337
0.000304050920598675
0.000297481397432146
0.000287908171311012
0.00027542837263393
0.000260168541077774
0.00024228331985562
0.000221953864137624
0.000199385982856097
0.000174808033789404
0.000148468593154078
0.000120633923677856
9.15852687086414E-05
6.16160028790492E-05
3.10286709147631E-05
1.31945182310026E-07
-3.07624694006415E-05
-6.13429558524038E-05